t = 0
b = 140 140 140
E = 0 0 0
-1.4384040832519531 -8.141923904418945 12.18023681640625 0.9193857051008916 -0.18179128221510624 -0.34882926334630215 0.26284546920639984 0.9436753046709531 0.20097059155968935 0 0 0 0 0 0
-1.1074835062026978 -7.917126655578613 12.538514137268066 0.4583888501510647 0.0714902271650959 -0.8858717793659914 0.25503229097799107 0.944258990517064 0.20816697477316837 0 0 0 0 0 0
-0.6728487014770508 -7.604511737823486 12.727520942687988 -0.04553686701943902 0.22713287246082334 -0.9727985670167021 0.46359254527994215 0.8674011984563396 0.1808234301117273 0 0 0 0 0 0
-0.20148663222789764 -7.315821647644043 12.68835735321045 -0.5593447454036305 0.38194245085052386 -0.7356992728198409 0.46644816554312707 0.8787004177936601 0.10154646537767258 0 0 0 0 0 0
0.06986577063798904 -6.938969135284424 12.436092376708984 -0.9055897107605976 0.3306460348436437 -0.2656698616830921 0.373588017532457 0.9183739673582525 -0.13046550975193533 0 0 0 0 0 0
0.18628813326358795 -6.4076642990112305 12.176849365234375 -0.9236290462463423 0.24222967472032722 0.2970423700668923 0.18346977945812462 0.9598404394525187 -0.21223847628830877 0 0 0 0 0 0
-0.013491579331457615 -5.978329658508301 11.799241065979004 -0.5145381845153594 0.18476604580610154 0.8373242890259517 0.251823634232348 0.9660085345154442 -0.05841548155529184 0 0 0 0 0 0
-0.2910689413547516 -5.530348300933838 11.766030311584473 0.0767733148479265 0.005012585177772133 0.9970359733315025 0.2407285668103267 0.9703100067788037 -0.023414693386073743 0 0 0 0 0 0
-0.4495999813079834 -5.068699836730957 11.769734382629395 0.48825495099979965 -0.22968829261690338 0.8419325335553406 0.15437695273647212 0.972260962914608 0.1757167506419371 0 0 0 0 0 0
-0.5754296183586121 -4.644887924194336 12.011423110961914 0.9409406772052324 -0.19412118652497254 0.2773943166733875 0.17194859187000427 0.979770942427285 0.10238448187627165 0 0 0 0 0 0
-0.5363631844520569 -4.233709335327148 12.31295394897461 0.936318182099565 -0.224901933308773 -0.26968014807126983 0.27223952651897226 0.9499961996625877 0.15294724851191782 0 0 0 0 0 0
-0.24695049226284027 -3.9050376415252686 12.689785957336426 0.594458153821177 -0.03840462278738559 -0.8032089319125357 0.2664220574482066 0.9518487269679803 0.1516683496135567 0 0 0 0 0 0
0.14672815799713135 -3.670485734939575 12.870046615600586 0.03661435228954444 0.21439890128301478 -0.9760596807240085 0.45394172798473836 0.8665634635132212 0.20737567672752805 0 0 0 0 0 0
0.5414338111877441 -3.321427583694458 12.846197128295898 -0.44709145825512764 0.23949967038336792 -0.8618289481338868 0.48532109272343116 0.8742916384380868 -0.008807264897831216 0 0 0 0 0 0
0.8584229350090027 -2.8419721126556396 12.658968925476074 -0.8482242788812251 0.08983808251552698 -0.5219623469622681 0.2662436739616142 0.9242654124145082 -0.27358317471961024 0 0 0 0 0 0
0.996880054473877 -2.6009535789489746 12.236854553222656 -0.952266591347464 0.28869638443111956 0.09921056707771189 0.22491493113044037 0.8832640913498675 -0.41140955103945076 0 0 0 0 0 0
1.0331896543502808 -2.2070610523223877 11.79769229888916 -0.782778605905662 0.25693695855011806 0.5667813100900588 0.10178432186722908 0.9513812073511126 -0.29071248704031905 0 0 0 0 0 0
0.8972771763801575 -1.762130856513977 11.488802909851074 -0.528771547079667 0.18874333999606288 0.8275122975558165 -0.023665348233441064 0.9713037970050276 -0.2366619640259217 0 0 0 0 0 0
0.6628702282905579 -1.2945739030838013 11.3671293258667 -0.040728434137838276 0.04570445316844974 0.9981243898499089 -0.39064433807649873 0.9187121584732488 -0.058008370104652617 0 0 0 0 0 0
1.5292065143585205 -1.1060625314712524 10.3271484375 0.12640151617759554 -0.921687942566871 0.3667614936642796 -0.5321876497507901 -0.3750229459999663 -0.7590349764182391 0 0 0 0 0 0
0.11716149747371674 -0.16275936365127563 10.31756591796875 -0.3950251885793485 0.9052611116103584 0.15638868307466602 -0.2528755819941088 0.05650892961604628 -0.9658471312297767 0 0 0 0 0 0
-0.3090510964393616 -0.07311171293258667 9.89664363861084 0.17138653980537227 0.9816965288883764 0.08305768562905382 -0.33613802568495565 0.13751297133184598 -0.9317195985939691 0 0 0 0 0 0
-0.741790771484375 0.1599649041891098 9.616425514221191 0.6912347820054012 0.7223230888908638 0.021067306451155066 -0.3808664752831818 0.38894011773886183 -0.8388482060651056 0 0 0 0 0 0
-1.000830888748169 0.5427569150924683 9.342147827148438 0.9514984539802006 0.13041032824027393 -0.27864643970729647 -0.30462168221509367 0.27251306621920446 -0.9126567040592284 0 0 0 0 0 0
-1.0038210153579712 0.9435235857963562 8.8839111328125 0.8460276955978173 -0.5091876856498263 -0.15800328814306547 -0.0567088023823678 0.2087355872084527 -0.976326567478884 0 0 0 0 0 0
-0.8608488440513611 1.1572903394699097 8.414286613464355 0.4028985385153396 -0.9151464897506231 -0.013404102331613196 0.05981772296398189 0.040943513841860305 -0.9973692739871657 0 0 0 0 0 0
-0.4725383520126343 1.2041840553283691 8.029040336608887 -0.3616666907180201 -0.9322534249954716 -0.0100377492142709 0.030273512707874997 -0.0009823268485267475 -0.9995411694684161 0 0 0 0 0 0
-0.10151010751724243 0.9929859042167664 7.59123420715332 -0.7159254666443368 -0.6890578627807731 0.1124721652235859 0.038641289863380675 -0.19995329310385418 -0.9790431713130011 0 0 0 0 0 0
-0.022227754816412926 0.643444836139679 7.250014305114746 -0.9984049989235153 0.00003874305017113912 -0.05645756480323534 0.05474634315298316 -0.2436744776733902 -0.9683106871464222 0 0 0 0 0 0
-0.17177705466747284 0.28587523102760315 6.794614791870117 -0.8123367611821605 0.579155761115872 0.06846598278249387 -0.24020484165333858 -0.22529438093638068 -0.944216117191815 0 0 0 0 0 0
-0.4404958486557007 -0.005467038601636887 6.467594146728516 -0.3736027351601449 0.925658708363874 -0.05980762418774947 -0.3103583412949442 -0.18550254086502804 -0.9323446290515486 0 0 0 0 0 0
-0.8141193389892578 -0.08579319715499878 6.05037784576416 0.13008328467170774 0.9912325460276611 -0.023159851997373936 -0.43470662725608267 0.03602347595551597 -0.8998513529465428 0 0 0 0 0 0
-1.2391654253005981 0.06327139586210251 5.743113994598389 0.7446225718105856 0.6249854235640618 -0.23437245120243916 -0.30937367446241004 0.012016517821203972 -0.950864623828797 0 0 0 0 0 0
-1.4423961639404297 0.37038275599479675 5.249233722686768 0.9757424914728972 0.20215135512645116 -0.08403225544279332 -0.13251006021550624 0.23981609484773728 -0.9617324599875291 0 0 0 0 0 0
-1.4664030075073242 0.6692855358123779 4.878905296325684 0.9439606182888413 -0.32985162263954354 0.011672967138157552 0.09715654802959771 0.24389280537126126 -0.9649232636138009 0 0 0 0 0 0
-1.279723882675171 1.0550190210342407 4.5815582275390625 0.4461284791585647 -0.8694005213564528 -0.2123961241378807 0.13006263056065043 0.29778487687894195 -0.9457313990948155 0 0 0 0 0 0
-0.8361630439758301 1.2183735370635986 4.344143390655518 -0.16392472881399148 -0.9335541410268116 -0.3187559396387015 0.25073287717610837 0.2730853646343196 -0.9287396879241953 0 0 0 0 0 0
-0.5061074495315552 1.1497994661331177 3.9117724895477295 -0.6781155313124809 -0.6958186466229229 -0.23663418435347758 0.3042761633471665 0.027287297782912365 -0.9521929530291827 0 0 0 0 0 0
-0.28154271841049194 1.061881184577942 3.4598333835601807 -0.9895195887315535 -0.019455110014258207 -0.14308208207483708 0.13885907897242236 0.14361981843815166 -0.9798425914088053 0 0 0 0 0 0
-0.4154103100299835 0.7813259363174438 2.8965117931365967 -0.7766396122939371 0.6150943035202234 0.13597760989550564 0.1350989907753952 0.3734665076466953 -0.9177532513468152 0 0 0 0 0 0
-0.6491551399230957 0.8823285698890686 2.4389774799346924 -0.1019533002179208 0.898329358205775 0.42732878297661503 0.0035986924509220997 0.42989742456083413 -0.9028705631310646 0 0 0 0 0 0
-0.6171320080757141 0.19965976476669312 1.1738977432250977 -0.27483633086919484 -0.8729747557023853 -0.4029641015533758 -0.8678579513205127 0.044833082734891255 0.4947853787474414 0 0 0 0 0 0
-1.0968477725982666 0.2341713309288025 1.1807661056518555 0.11739186716065422 -0.9392437082351096 0.3225529507930373 -0.8811239092430665 0.051310702252938704 0.4700934677216081 0 0 0 0 0 0
-1.6101807355880737 0.039934802800416946 1.0740188360214233 0.3706668541115126 -0.3724649427912627 0.8508089971636266 -0.8919608379009525 0.11256772506809569 0.437874834769052 0 0 0 0 0 0
-2.028254747390747 -0.1882912516593933 1.1198203563690186 0.29066648439143705 0.3210512467691075 0.9013540324420388 -0.872433135055644 -0.2978996556605093 0.38744834496269376 0 0 0 0 0 0
-2.282221555709839 -0.5279774069786072 1.3090389966964722 -0.005146797390468982 0.9207182815355189 0.39019399857366144 -0.907346038141498 -0.16832337842065637 0.38521475483940604 0 0 0 0 0 0
-0.36924850940704346 0.541213870048523 20.960750579833984 0.8155072161787427 -0.5752980274564298 -0.0630885089785636 0.025354883026856862 0.14441858204630498 -0.9891917928624506 0 0 0 0 0 0
-0.04887276887893677 0.7896469831466675 20.704776763916016 0.3263287627177641 -0.9247934463918204 -0.19561855774397405 0.3162876245459083 0.3018463519628471 -0.8993613947495342 0 0 0 0 0 0
0.38152554631233215 0.8672760128974915 20.3344669342041 -0.31476265630495853 -0.8826620512508121 -0.34904465828537673 0.3855962378065385 0.21711340221153624 -0.8967593389363588 0 0 0 0 0 0
0.7802789211273193 0.7859374284744263 19.91615867614746 -0.6401064334743763 -0.7046689336881535 -0.30611345563289855 0.28750445458270923 0.14978415813844106 -0.9459946588463686 0 0 0 0 0 0
0.983040988445282 0.6205444931983948 19.506505966186523 -0.9179063120318519 -0.18812476957401988 -0.3493666747198515 0.37882356803300554 -0.15348310073865296 -0.9126530787163277 0 0 0 0 0 0
1.0858805179595947 0.4292190968990326 18.96616554260254 -0.9929286856685423 0.09557122701295793 -0.0704185042710982 0.03602271930375389 -0.3226505896603053 -0.9458324168085065 0 0 0 0 0 0
0.9466692209243774 0.09874233603477478 18.517961502075195 -0.7924710158322097 0.6038794433972267 -0.08555294798030937 -0.12292886326610974 -0.2955382443360039 -0.9473888540144931 0 0 0 0 0 0
0.5910803079605103 -0.13618439435958862 18.178457260131836 -0.20359105436902816 0.9561136072950167 -0.21070703008257252 -0.13073781496019704 -0.23983642843493283 -0.9619699118657553 0 0 0 0 0 0
0.29159432649612427 -0.20439904928207397 17.746252059936523 0.42649863215963235 0.8957804210021401 -0.12520524795387517 -0.07028984055461245 -0.10518290519178944 -0.9919656721732978 0 0 0 0 0 0
0.012752157635986805 -0.04414079710841179 17.311233520507812 0.8661037633078192 0.49918125787899037 -0.02612169531983228 0.014676130593019915 -0.07762931231751304 -0.9968742654216362 0 0 0 0 0 0
-0.13457819819450378 0.28766074776649475 16.928434371948242 0.9963742762169324 -0.08478501003121512 -0.007057178415680504 -0.013223227828286057 -0.07238587765991646 -0.997289040830794 0 0 0 0 0 0
-0.05402259901165962 0.5048995018005371 16.45990562438965 0.8003386199669617 -0.5979737672070848 0.04342196588762877 0.06407400519317204 0.013298255883833751 -0.9978565419182025 0 0 0 0 0 0
0.18214014172554016 0.7803024053573608 16.039989471435547 0.39743595610072063 -0.9176272476327565 0.0022125099407736305 0.1484807617893069 0.06192918012534775 -0.9869742853932263 0 0 0 0 0 0
0.5841676592826843 0.896938145160675 15.739322662353516 -0.027966565916864455 -0.9954089530151988 -0.09153626302183947 0.47926162329583943 0.06700866986205388 -0.8751103556690181 0 0 0 0 0 0
1.0256084203720093 0.7832621335983276 15.449684143066406 -0.5268555622387285 -0.8072766002008991 -0.2659468129273049 0.5316202208015859 -0.06884890004086905 -0.8441799392298038 0 0 0 0 0 0
1.4371182918548584 0.46069982647895813 15.040613174438477 -0.9356979950255918 -0.2576746651641993 -0.24098346216619415 0.2884991257575599 -0.16568113219539662 -0.9430365936015289 0 0 0 0 0 0
1.4881253242492676 0.11660084128379822 14.575654983520508 -0.9245295606676011 0.36833425472174464 -0.09785176672063604 0.02917367161250813 -0.18760162111870143 -0.9818118601026781 0 0 0 0 0 0
1.2772339582443237 -0.29811304807662964 14.219244003295898 -0.595392251120335 0.7814043937055666 -0.1868562035456561 0.052425555539543825 -0.19429086857938555 -0.9795420458117344 0 0 0 0 0 0
1.1573978662490845 -0.43126752972602844 13.746322631835938 -0.06689721250626321 0.9963180486490907 0.053620041914940804 0.07643351417903799 0.05869977514169086 -0.995345294010354 0 0 0 0 0 0
1.5833057165145874 -1.4121602773666382 13.346939086914062 -0.1996849869007269 -0.3796957040568035 0.9033034253932977 -0.49617718095830704 -0.7557580592764006 -0.4273616278224287 0 0 0 0 0 0
0.4744947850704193 -1.5738255977630615 12.73051929473877 -0.14993689955679745 0.04947017990523376 -0.9874571522103825 -0.3090466194097289 -0.9510466174965171 -0.0007199860079204085 0 0 0 0 0 0
0.10712037235498428 -1.9270058870315552 12.54931926727295 0.7432791817111268 -0.22504246384205565 -0.6299936090967393 -0.24137240724025408 -0.9685017330179502 0.06118622528210482 0 0 0 0 0 0
-0.1214219406247139 -2.2298810482025146 12.273233413696289 0.937211486575102 -0.34696568671524247 -0.03534744225410695 -0.3347621366031601 -0.9233862843561695 0.18786186882865383 0 0 0 0 0 0
-0.2241000235080719 -2.6852304935455322 12.127206802368164 0.9049916230666717 -0.10964586664876773 0.4110571080835264 -0.1761876870731711 -0.9760587108616754 0.1275432941194909 0 0 0 0 0 0
-0.09981101006269455 -3.063573122024536 11.84038257598877 0.5339860578987887 -0.17845113666659532 0.8264466599800085 -0.28861287870136076 -0.9572325157789096 -0.02021180306883229 0 0 0 0 0 0
0.17421302199363708 -3.4899959564208984 11.69897174835205 -0.16554814683485233 -0.044858379602097875 0.9851809665533638 -0.07458787493653915 -0.9955342654697793 -0.05786341839191938 0 0 0 0 0 0
0.5420690178871155 -3.9752540588378906 11.735234260559082 -0.6632507720043225 0.0509825199015226 0.7466586878220605 -0.1390882115136115 -0.9886929527137707 -0.05604207947668114 0 0 0 0 0 0
0.6153508424758911 -4.478963851928711 12.105064392089844 -0.9657037960809323 0.22261242479901436 0.1336408865578969 -0.23440843901400363 -0.9688395878778749 -0.08001585267712827 0 0 0 0 0 0
0.46818622946739197 -4.898244857788086 12.482450485229492 -0.8541819788355074 0.24689271084606548 -0.45762117123635987 -0.3592385237319086 -0.916482526583327 0.1760893566754122 0 0 0 0 0 0
0.14447429776191711 -5.253261566162109 12.778695106506348 -0.4153617360762756 0.1994091874991081 -0.8875306215250536 -0.5851867334188425 -0.8055625988643826 0.0928729580741703 0 0 0 0 0 0
-0.2166905552148819 -5.662821292877197 12.971609115600586 -0.06985823895159646 0.26108728913045676 -0.9627841159393372 -0.5631079741981609 -0.8069896371680343 -0.17798071496049198 0 0 0 0 0 0
-0.698006808757782 -5.739201545715332 12.785775184631348 0.6156632424879729 -0.24877304314147175 -0.7477103348592469 -0.5034630331370751 -0.8541241547786697 -0.1303721691467921 0 0 0 0 0 0
-0.9275875091552734 -6.200889587402344 12.485246658325195 0.957606805918808 -0.0746050150815106 -0.2782504213521803 -0.17581854270082276 -0.9164893478114614 -0.3593537468716327 0 0 0 0 0 0
-0.9603446125984192 -6.506654739379883 12.030208587646484 0.8459446949991067 -0.3282215103555926 0.42029538796275406 -0.25905955187424407 -0.9418354739609001 -0.21408897349364514 0 0 0 0 0 0
-0.9087545275688171 -6.932249069213867 11.71930980682373 0.529622786527363 -0.27383340017424973 0.8028168987633484 -0.21270106970594554 -0.9590920413938363 -0.18681732007753024 0 0 0 0 0 0
-0.659767746925354 -7.363552570343018 11.554854393005371 -0.05166714956198198 -0.15104254961125296 0.9871761007353611 -0.20817525603959283 -0.965152390306842 -0.15856836461867047 0 0 0 0 0 0
-0.4280136227607727 -7.837889671325684 11.593297004699707 -0.6917534357486091 0.03814859033412572 0.7211254184852409 -0.004312337510111727 -0.9988040684674315 0.04870150468009541 0 0 0 0 0 0
-0.3063623011112213 -8.327946662902832 11.84350299835205 -0.9708322865872048 0.13587909299231887 0.19753871369289702 -0.15690725753793358 -0.9830384807451558 -0.09494976517180301 0 0 0 0 0 0
-0.41595304012298584 -8.790224075317383 12.068229675292969 -0.7952016614654618 0.318926120511419 -0.5156941411904009 -0.14646015751560032 -0.9263417302354094 -0.3470452723852805 0 0 0 0 0 0
-0.7729071974754333 -9.058902740478516 12.082277297973633 0.18701211774921656 -0.2059316565401717 -0.9605303850735666 -0.1172595639971136 -0.975469548737845 0.18630446622771063 0 0 0 0 0 0
-0.9606882333755493 -9.43952465057373 11.962580680847168 0.9431296703609678 -0.24237633051166615 -0.22750854773505047 -0.12800950121640212 -0.8964120728278138 0.424333551922153 0 0 0 0 0 0
-1.0427800416946411 -9.907571792602539 11.94829273223877 0.6720601559969653 0.28128083802300863 0.684993603533937 -0.22538658893149827 -0.803454137003571 0.5510556553213757 0 0 0 0 0 0
-1.5485403537750244 -9.784112930297852 11.104904174804688 0.7094224904054097 -0.5494091429752266 0.4414400567712599 -0.3140162992532154 -0.8071434092546929 -0.49991327317848516 0 0 0 0 0 0
-1.453984022140503 -10.065811157226562 10.779024124145508 0.03927944290849854 -0.5288185020109158 0.8478255229088878 -0.22105169155636342 -0.8320565648224547 -0.5087416069046513 0 0 0 0 0 0
-1.44033944606781 -10.55213737487793 10.595277786254883 -0.010666577524721685 -0.41645103548530304 0.9090955720754161 -0.08451345326711396 -0.9055188402715253 -0.4158041680048186 0 0 0 0 0 0
-2.2005488872528076 -11.128787994384766 9.678801536560059 0.7857362008886287 -0.4512924253665663 -0.42302927726088485 0.1264854785156741 -0.5522191161281799 0.8240482215909898 0 0 0 0 0 0
-0.5861322283744812 8.578306198120117 13.81048583984375 0.6611870506046685 0.49781335885958244 -0.561260673710211 0.4320371486039383 -0.8642778023679512 -0.2576194529925938 0 0 0 0 0 0
-0.5366300344467163 8.169427871704102 13.404001235961914 0.8493251049700883 0.526429854514873 -0.0389676063288213 0.4837550564827437 -0.8057646653475898 -0.34164945397975405 0 0 0 0 0 0
-0.321288526058197 8.02060317993164 12.938817977905273 0.7943687722028855 0.10513850720924438 0.5982676224322122 0.44902711187713723 -0.7649399975780735 -0.4617807411581104 0 0 0 0 0 0
-0.005588026717305183 7.832221508026123 12.588030815124512 0.4326767138652198 -0.11328015523021402 0.8944039734425454 0.44566541391519104 -0.8355083636661199 -0.3214157947017605 0 0 0 0 0 0
0.3939010202884674 7.482066631317139 12.519347190856934 -0.1474691640921809 -0.11970534892859504 0.9817960455613155 0.502235032088013 -0.8642129779770877 -0.02993160937080115 0 0 0 0 0 0
0.9304558038711548 7.304643630981445 12.632773399353027 -0.6824543942527269 -0.3456275464537811 0.6440478234552796 0.4160998117692025 -0.9081325456209455 -0.046435183101345624 0 0 0 0 0 0
1.161043405532837 6.839903831481934 12.933881759643555 -0.9473081813462715 -0.23764733382052763 0.21478117767256588 0.2680157071659483 -0.9552508200047454 0.12515371186104807 0 0 0 0 0 0
1.1710397005081177 6.388758659362793 13.275726318359375 -0.8925005193013443 -0.11660313301877083 -0.43571381940103476 0.03622812340412807 -0.9814176584899896 0.18843275373098345 0 0 0 0 0 0
0.944814145565033 6.033145904541016 13.632124900817871 -0.40378108468099017 -0.19839062953509262 -0.8930856586949051 0.0049667259156054135 -0.9766649042654895 0.2147114258947612 0 0 0 0 0 0
0.6282512545585632 5.572979927062988 13.776763916015625 0.06442061148135404 -0.03186396157136386 -0.9974139926677121 -0.19714309250454604 -0.9801986268786294 0.018580983369932032 0 0 0 0 0 0
0.27590125799179077 5.18086051940918 13.632903099060059 0.6627578796822616 0.007552731823560835 -0.7487956658268491 0.0031504306566361956 -0.9999684083469268 -0.007297745870584033 0 0 0 0 0 0
0.11855673789978027 4.64485502243042 13.32046127319336 0.9467338962512708 0.13772515000234276 -0.2910785336394973 0.03727808401238334 -0.944720184771189 -0.3257516184737327 0 0 0 0 0 0
0.25625574588775635 4.23952054977417 12.929121017456055 0.8445192549633186 0.18411623642606842 0.5028801442496028 0.2965518530091442 -0.9427018061735892 -0.15287348728244504 0 0 0 0 0 0
0.5900242328643799 3.9783272743225098 12.61866283416748 0.3599815832959681 -0.14926649356006416 0.9209412432875461 0.3685883941701056 -0.8840612422528059 -0.2873644300005285 0 0 0 0 0 0
1.0751760005950928 3.6895124912261963 12.514967918395996 -0.1749446105318482 -0.29189303852168086 0.9403152861186722 0.23666938147350772 -0.9395087027457368 -0.24761058405886116 0 0 0 0 0 0
1.3489136695861816 3.277425765991211 12.612236976623535 -0.8001999407898491 -0.324517224674632 0.5043497057096359 0.3006650159194745 -0.9447138246605514 -0.13082942213957546 0 0 0 0 0 0
1.5849989652633667 2.7131309509277344 12.754555702209473 -0.9329143714993152 -0.09981108616357535 0.34598919423716856 0.04682988771417792 -0.9862873164071785 -0.1582538818197015 0 0 0 0 0 0
1.6012842655181885 2.1625216007232666 12.93675422668457 -0.9740773623008463 0.10736192719234723 -0.19911481321732724 -0.09563818942191378 -0.9931168162093297 -0.0676189772648397 0 0 0 0 0 0
1.4230241775512695 1.7683192491531372 13.148757934570312 -0.47545326158549656 0.051851273873094524 -0.8782116154125102 -0.19617763167087407 -0.9793739390078574 0.04838413401354131 0 0 0 0 0 0
1.0775854587554932 0.7450569868087769 13.59754467010498 -0.10506514170656384 -0.9706613955304287 0.21628169415163206 0.02478487922433149 0.21486200437515768 0.9763298770588378 0 0 0 0 0 0
0.6654757857322693 0.7096503973007202 13.97838306427002 0.46665191715613247 -0.8568757027612989 0.2190890646103458 -0.11091188477615152 0.18906337711732496 0.9756810919805683 0 0 0 0 0 0
0.39743131399154663 0.6322398781776428 14.389205932617188 0.8740538821096319 -0.4579325325384069 0.16225784052563574 -0.2237425659908346 -0.08296579706164157 0.9711106737554499 0 0 0 0 0 0
0.2555091679096222 0.2586580812931061 14.728761672973633 0.957017693266326 0.1549267152902266 0.2451832940160918 -0.22400984821586328 -0.14211221082198217 0.964169957755164 0 0 0 0 0 0
0.4074091613292694 -0.1150619387626648 15.043054580688477 0.5366395572415416 0.744577734160774 0.39701635154689807 -0.18279103057715837 -0.35675278514099007 0.9161413042946417 0 0 0 0 0 0
0.6044908165931702 -0.3287472128868103 15.513238906860352 -0.022005060438657516 0.950758477442349 0.30915060227435603 -0.16708745614701606 -0.30837370318669793 0.9364760761392901 0 0 0 0 0 0
0.6695820689201355 -0.3573073744773865 16.046314239501953 -0.2855509577605954 0.9550982106102756 -0.0790446621288034 0.007015993121400499 0.08455991818665917 0.9963936953216767 0 0 0 0 0 0
0.9128410220146179 -0.13355094194412231 16.486936569213867 -0.786979634650291 0.6169655981850519 -0.004062671763216434 0.15734340768898586 0.20706007578265787 0.9655926558718733 0 0 0 0 0 0
1.1284903287887573 0.22612518072128296 16.888559341430664 -0.9935855654631303 0.1122632645321296 0.013589832224891202 0.05224180684570373 0.34910532068176686 0.9356261372413541 0 0 0 0 0 0
1.0321048498153687 0.6212597489356995 17.235240936279297 -0.8856970455073352 -0.460417604424693 0.05963533445369796 -0.08881131089445128 0.29410509173133415 0.9516379280350866 0 0 0 0 0 0
0.7598814964294434 0.8784189820289612 17.605798721313477 -0.5300037872515969 -0.8425717852935044 0.0957537055485609 -0.21265443999569375 0.241370211978865 0.9468466137233611 0 0 0 0 0 0
0.3840373456478119 0.9810933470726013 17.91524314880371 0.049250075264047836 -0.9713367272882593 0.23254976307753902 -0.2330943329478279 0.2152249508228435 0.9483381530292408 0 0 0 0 0 0
0.08401704579591751 0.933886706829071 18.425626754760742 0.693538859543701 -0.702517055622015 0.15960462669671405 -0.03158346924294051 0.19168162551161963 0.9809488462258384 0 0 0 0 0 0
-0.08582533150911331 0.6674818992614746 18.891695022583008 0.9549081028640086 -0.2964616747945531 -0.016155199245712935 -0.025504100050055364 -0.13611744425250943 0.9903643684275005 0 0 0 0 0 0
-0.10764126479625702 0.2751273214817047 19.176420211791992 0.9185419032442299 0.32252666914857675 0.22859859945413527 -0.21114839672403468 -0.08860079233942522 0.9734301485765148 0 0 0 0 0 0
-0.04901333153247833 0.025494493544101715 19.64745330810547 0.6529220292613824 0.7446746904737866 0.13839230135007075 -0.019184454762090398 -0.16639639457731395 0.9858723023633194 0 0 0 0 0 0
0.14158092439174652 -0.2154969573020935 19.988840103149414 0.04818704552433556 0.962844115700068 0.2657239498151978 -0.037765017084865765 -0.2640865283988184 0.9637593626019101 0 0 0 0 0 0
0.4050230085849762 -0.3160235285758972 20.372468948364258 -0.4032413799178308 0.8954108127768612 0.188774643117778 0.04446426760259728 -0.18687430206772623 0.9813770550268969 0 0 0 0 0 0
0.6436055302619934 -0.13829904794692993 20.85784149169922 -0.8394864450740109 0.5343851209152922 0.0984634504846748 0.005436730355862284 -0.17293589807396573 0.9849180763496977 0 0 0 0 0 0
0.66739821434021 0.0887053981423378 21.300853729248047 -0.9470499342575426 -0.3210023287071719 0.007343499666850243 0.06914174804634003 -0.18154725854822049 0.9809485264735975 0 0 0 0 0 0
0.5886684060096741 0.22131389379501343 21.684446334838867 -0.4296587476268508 -0.897298498388832 -0.10123618610394951 -0.05023668614120153 -0.08818561163923085 0.9948364555369718 0 0 0 0 0 0
0.3154394030570984 0.2272605299949646 22.04981803894043 0.2210507383787131 -0.9736699744445034 -0.055707736693082585 -0.289166378481973 -0.11998697692389368 0.9497293987890896 0 0 0 0 0 0
0.38529130816459656 -0.36936885118484497 22.499103546142578 0.25882787611478186 -0.9329624237254148 -0.25017842925062617 0.19689993497658786 -0.20260536682855906 0.9592609034764634 0 0 0 0 0 0
0.22289952635765076 -0.5241269469261169 22.86737823486328 0.9067026742550989 -0.37575724516620373 -0.1915639663500353 0.2541266182537074 0.12422031566540837 0.9591605575037585 0 0 0 0 0 0
0.29730966687202454 -0.5858269929885864 23.376829147338867 0.8445392735835497 -0.025998388216604672 -0.534862131006775 0.5301186517033585 -0.1005718626797254 0.8419379523179509 0 0 0 0 0 0
0.6688619256019592 -0.7705320715904236 23.65797996520996 0.5552523170806354 0.7158391000914444 -0.4234019923864988 0.6478806503922094 -0.05308211491743985 0.7598900920022973 0 0 0 0 0 0
1.1791099309921265 -0.7070154547691345 23.607389450073242 0.1494322007834026 0.9164346651941063 0.3712378237728414 0.7314444478274755 -0.3550909994511923 0.5821506693727259 0 0 0 0 0 0
-1.282334804534912 0.24118512868881226 3.648128032684326 0.6031330107667422 0.7718486158345536 0.20119713108722148 0.16567754469885804 -0.36796470373629775 0.9149606155386234 0 0 0 0 0 0
-1.0374964475631714 0.0549577958881855 4.061039447784424 0.21809849475646595 0.9504741669822651 0.22143148936936033 0.43251230229364085 -0.2975309345739877 0.8511218780739829 0 0 0 0 0 0
-0.6553229689598083 0.03562800958752632 4.434938907623291 -0.5028823126792695 0.8585566985754622 0.09994886155205521 0.24188285276554125 0.028769586071436364 0.9698788565873997 0 0 0 0 0 0
-0.352905809879303 0.2150515913963318 4.735734462738037 -0.8749316683911524 0.44976265967378115 0.17946622414660884 0.2486791477503493 0.09930763925559248 0.9634815381000517 0 0 0 0 0 0
-0.2866195738315582 0.5983970761299133 5.128370761871338 -0.9620282546198735 -0.23951680495290836 0.13089437519691352 0.0984748735029405 0.1426896460111196 0.9848565196056741 0 0 0 0 0 0
-0.35185039043426514 0.8875210881233215 5.481227397918701 -0.521744499729213 -0.8129934291497443 0.2585040834525698 0.0623341033452968 0.26587642960592806 0.9619897004335035 0 0 0 0 0 0
-0.6330580711364746 1.0833942890167236 5.896947860717773 -0.13407488143147842 -0.9748601749390322 0.17796506816500376 -0.0606357494431567 0.1873204428557065 0.9804256002256412 0 0 0 0 0 0
-0.8237074613571167 1.0924756526947021 6.389285564422607 0.3235073153472337 -0.9452583054938015 0.04277561001099203 -0.2288853132127191 -0.034310073929635115 0.9728485659250666 0 0 0 0 0 0
-1.1492018699645996 0.9178928732872009 6.888102054595947 0.7809909583552798 -0.622279494422274 -0.0531164173195151 -0.036622190483596204 -0.13053236860054884 0.9907674378539668 0 0 0 0 0 0
-1.211746096611023 0.61201411485672 7.31046199798584 0.9941145213242092 -0.00576202905004674 -0.10818094801564945 0.10629098501952318 -0.14115333254325954 0.984265189476653 0 0 0 0 0 0
-1.0177223682403564 0.23307675123214722 7.674571990966797 0.8068893902450799 0.5834622412590116 -0.09220262976148855 0.22222138395502114 -0.1552065940872956 0.9625635405857302 0 0 0 0 0 0
-0.7681481242179871 0.03905146196484566 8.036110877990723 0.2280355843687137 0.9691609105770794 -0.09341788731835864 0.07947169103435969 0.07709875301472009 0.9938511118913712 0 0 0 0 0 0
-0.4049689471721649 0.10077676177024841 8.389824867248535 -0.5189488926568399 0.8514577790245402 0.07557577223447366 0.3506971741880721 0.13144358020420366 0.9272184625208895 0 0 0 0 0 0
-0.04195759445428848 0.36263176798820496 8.602204322814941 -0.8184648442598244 0.44855018792079815 0.3590515668075522 0.4685181966232057 0.159314325929595 0.8689704511584604 0 0 0 0 0 0
0.12716081738471985 0.6646027565002441 9.038484573364258 -0.9528299817398993 -0.15093342394583625 0.26331374334342983 0.258762104796614 0.04940196292133046 0.9646769506838784 0 0 0 0 0 0
0.1183297261595726 0.9401983618736267 9.610358238220215 -0.8358903704811458 -0.548727928548083 -0.013599594413913613 0.025336641025451037 -0.06332205791107301 0.9976714747868931 0 0 0 0 0 0
-0.0758284255862236 1.0611580610275269 10.053387641906738 -0.3464516306212423 -0.9343580993082718 -0.08334392537501527 0.06696871477552961 -0.11325506935594652 0.9913064513592624 0 0 0 0 0 0
-0.2679387927055359 0.9452311396598816 10.483089447021484 0.3920281836150365 -0.8916376541461174 -0.22648663748730022 0.18500665130089528 -0.16475186837905306 0.9688288604495844 0 0 0 0 0 0
0.2909550964832306 1.3736438751220703 11.438033103942871 -0.021344064025184364 -0.7957318268146909 0.6052729059895575 0.7838870119120747 0.362445411511873 0.5041373584942381 0 0 0 0 0 0
0.3849130868911743 1.637404441833496 11.84975528717041 0.4530711779850827 -0.8908545872238915 0.03323570521832558 0.7469626490623389 0.399712030886765 0.5312975562433458 0 0 0 0 0 0
0.3985651433467865 2.3139398097991943 12.628098487854004 0.9113958200009695 -0.18321010712230257 0.36849927534934795 0.15667092650332165 0.9824753131871157 0.10097762012678711 0 0 0 0 0 0
0.4070693552494049 2.610356092453003 13.0865478515625 0.9492572062703531 -0.030776871739724803 -0.31299127864801723 0.11966331860354197 0.9556925468309584 0.26894692062290576 0 0 0 0 0 0
0.6334054470062256 2.897251844406128 13.40617847442627 0.5533430253468112 0.25021000730876075 -0.7944850209680407 0.22032621242981643 0.8758774300905348 0.4292960372217894 0 0 0 0 0 0
0.9311999678611755 3.3510146141052246 13.669867515563965 0.1287811139447107 0.29194045685740205 -0.9477268563995909 0.10362616011728269 0.9464910165924739 0.3056409240417463 0 0 0 0 0 0
1.1148401498794556 3.946089744567871 13.691657066345215 -0.360993731423062 0.049669905021830614 -0.931244557787253 -0.07035138302350556 0.9942846625331838 0.08030375307513889 0 0 0 0 0 0
1.2678236961364746 4.490688800811768 13.494061470031738 -0.8379197626122421 -0.21273349198439584 -0.5026280262897892 -0.22997420432020044 0.972784037995411 -0.028338679726369113 0 0 0 0 0 0
1.2698454856872559 4.848741054534912 13.131683349609375 -0.9851617202821966 -0.1671642814468702 0.03889071738827262 -0.1713954354716303 0.9700405190847714 -0.17217722274806727 0 0 0 0 0 0
1.1116818189620972 5.168183326721191 12.814160346984863 -0.6878834558995274 0.035383265973536075 0.7249581888555843 -0.19727066976869972 0.9520983418329446 -0.23365151471361376 0 0 0 0 0 0
0.8263711333274841 5.496246337890625 12.537291526794434 -0.14512230401823772 0.14005774261308257 0.9794505324979745 -0.1498777555373325 0.9753946443896482 -0.16168471198936418 0 0 0 0 0 0
0.42702192068099976 5.845675945281982 12.559222221374512 0.4299003753092596 0.14721049578574208 0.89079444163032 -0.14906360264982407 0.984651502785677 -0.09078248964951027 0 0 0 0 0 0
0.13260683417320251 6.190871238708496 12.779412269592285 0.9047769220322932 0.25101749788821487 0.3440478703781056 -0.30964831745185584 0.9423633897424647 0.126764195151181 0 0 0 0 0 0
0.06465208530426025 6.470897674560547 13.173202514648438 0.8417911371251117 0.4546592110269727 -0.2909857097624246 -0.383980632012088 0.8832253804385338 0.2692058721291286 0 0 0 0 0 0
0.11092201620340347 6.9173784255981445 13.485203742980957 0.710477771881564 0.28615711112077324 -0.6429116917720672 -0.28952879222463135 0.9515490341042397 0.10357371369336188 0 0 0 0 0 0
0.252185583114624 7.358217716217041 13.680220603942871 0.09083917912806418 0.15387135864115284 -0.9839064226466179 -0.3113293210189455 0.942858606009078 0.11870847883997514 0 0 0 0 0 0
0.4835662841796875 7.73238468170166 13.73238754272461 -0.5278004897353562 0.09184818299901704 -0.8443876801060619 -0.13965683710830817 0.9712210217837132 0.19293961411359672 0 0 0 0 0 0
0.6475657820701599 8.15019416809082 13.503212928771973 -0.9850012393410553 -0.06020061309328956 -0.16170480722531766 -0.08285506874699307 0.9870683117497826 0.1372267667853667 0 0 0 0 0 0
0.5383631587028503 8.754773139953613 13.476101875305176 -0.8869177477754402 -0.4289197144108038 -0.1714782413914235 -0.45272204836959484 0.8808711251366538 0.13823461151435382 0 0 0 0 0 0
0.27605152130126953 9.118290901184082 13.195121765136719 -0.7033070108669222 -0.41948972928520994 0.573923004844427 -0.4011596683361795 0.9007039909771145 0.16674303924993275 0 0 0 0 0 0
-0.17765776813030243 9.376121520996094 13.010652542114258 -0.1143000547599339 -0.14384417121356383 0.9829772896103751 -0.48074553767423983 0.8739006680201773 0.07198159792748471 0 0 0 0 0 0
-0.5983341932296753 9.73448371887207 13.049640655517578 0.4120889728868168 0.04522863515144703 0.9100203563588155 -0.38255759624684577 0.9150562609604183 0.12775650602209732 0 0 0 0 0 0
-0.9301055073738098 10.04552173614502 13.336898803710938 0.9026244208464087 0.3061634973510057 0.30254432366429596 -0.3437580225501839 0.9357606343040228 0.07862860306097591 0 0 0 0 0 0
-0.9545444250106812 10.311396598815918 13.721508979797363 0.5916195115122673 0.5493427001601534 -0.5900923244533333 -0.6038255699944701 0.7869058227965758 0.12717667659479662 0 0 0 0 0 0
-1.014412522315979 10.758756637573242 13.873394966125488 -0.1033078360179152 -0.05215548179957681 -0.9932810764006076 -0.6264577809646069 0.7790781068886923 0.024247722277196453 0 0 0 0 0 0
-0.9315577149391174 11.235119819641113 13.786872863769531 -0.8218544424366804 -0.22585131376267986 -0.5230166914341884 -0.3570274761943446 0.9195989242005692 0.16391827186574667 0 0 0 0 0 0
-1.1363738775253296 11.698752403259277 13.674994468688965 -0.7917741797158514 -0.5784104276450782 0.19630340171970637 -0.529149532268776 0.8100639613243837 0.2525809792189092 0 0 0 0 0 0
-1.5183594226837158 11.843454360961914 13.45632266998291 -0.4247010727240083 -0.12718226543220398 0.8963557721053672 -0.5043541087303428 0.8554530018865226 -0.11758866684404005 0 0 0 0 0 0
-1.3990669250488281 1.2309894561767578 -3.1636595726013184 0.9571991440548313 -0.20332585297685535 0.20598154318271444 0.23482349364665644 0.12952890686334248 -0.963369186303136 0 0 0 0 0 0
-1.1180685758590698 1.6028368473052979 -3.4304521083831787 0.5711917766370823 -0.8206037795287909 0.018692012337813382 0.22614172331026125 0.135436080055406 -0.9646330852699856 0 0 0 0 0 0
-0.7118831872940063 1.8119217157363892 -3.7675721645355225 0.08326688004115364 -0.989309108798677 -0.11972515999646645 0.43643901122210965 0.14421074872188408 -0.8881014860006378 0 0 0 0 0 0
-0.2392333447933197 1.8036004304885864 -4.056711673736572 -0.4571870522684555 -0.8399678691999731 -0.29229091321787165 0.4496931227353556 0.06521513339357328 -0.89079912535935 0 0 0 0 0 0
0.06330838799476624 1.5494794845581055 -4.407648086547852 -0.8623655743651191 -0.4166553335439281 -0.28761771360491045 0.3883711185564375 -0.17995772543072988 -0.9037605276449173 0 0 0 0 0 0
0.213320791721344 1.2512822151184082 -4.909262180328369 -0.9545228050013819 0.14516650747879503 -0.26040910091374087 0.21062869162563957 -0.2898209200258717 -0.9336162962263612 0 0 0 0 0 0
0.0654069185256958 0.8061360120773315 -5.292418003082275 -0.6203067017281736 0.7373713545303113 -0.26740060080195843 0.2582024580355776 -0.12994926726672326 -0.9573111712506168 0 0 0 0 0 0
-0.20500455796718597 0.6881030797958374 -5.730349540710449 -0.05530597949411544 0.9919376813957117 -0.11402142280947142 0.24253339129887683 -0.09742980834258737 -0.9652383055760857 0 0 0 0 0 0
-0.3622596263885498 0.6205373406410217 -6.187503814697266 0.3728682036894142 0.9186587314509231 0.13051987513942212 0.13081607095258613 0.08721352303210247 -0.9875631407565073 0 0 0 0 0 0
-0.5185001492500305 0.7959069013595581 -6.633233547210693 0.8960329357487352 0.4178588581388559 0.15006316246299167 0.1576818874005537 0.01645799629362039 -0.9873528025704886 0 0 0 0 0 0
-0.5191800594329834 1.0532301664352417 -7.0751633644104 0.963519162838181 -0.11817727891761184 0.2401352818542908 0.25052607576191505 0.0825551566051089 -0.964583501559736 0 0 0 0 0 0
-0.2816902995109558 1.4265851974487305 -7.4466142654418945 0.6951490240962656 -0.7092619294435463 0.11711255159045657 0.24494207314071026 0.08053242400357498 -0.9661873055932994 0 0 0 0 0 0
0.08498349785804749 1.630225419998169 -7.704654216766357 0.1651236942084318 -0.9803602249090683 -0.10783318147584021 0.423376736180201 0.1692055310034097 -0.890012150220015 0 0 0 0 0 0
0.4796718955039978 1.6203949451446533 -8.054396629333496 -0.32930944580175076 -0.9339840408564152 -0.13866903162301855 0.48309703358065903 -0.04047630097199343 -0.8746307364855139 0 0 0 0 0 0
0.8189705014228821 1.4250705242156982 -8.515027046203613 -0.7719447727407972 -0.6353353530426753 -0.021219260408840326 0.3006299184485617 -0.3354529604108897 -0.8928006291917481 0 0 0 0 0 0
1.012058973312378 1.0009551048278809 -8.71075439453125 -0.9568214965181857 -0.05845430915005972 -0.28473798050574284 0.2777975478820575 -0.4722370259937425 -0.8365528755980111 0 0 0 0 0 0
1.106257438659668 0.5299842953681946 -9.055198669433594 -0.8504619139331588 0.42775692655039504 -0.3061675109107894 0.14002487937107236 -0.37694017032433424 -0.9155922351969672 0 0 0 0 0 0
1.012605905532837 0.15922866761684418 -9.462163925170898 -0.6330593515930397 0.7254954851332366 -0.26998547815001067 0.008584645101295888 -0.34217080625976865 -0.9395985542837031 0 0 0 0 0 0
0.7966641783714294 -0.042423706501722336 -9.910515785217285 -0.17189680906132868 0.9731464014175387 -0.15309333245647166 -0.37889466087448737 -0.20876358134435768 -0.9015856049566704 0 0 0 0 0 0
1.7926721572875977 -0.9741788506507874 -9.996994972229004 0.07619618163559615 0.47861138237591777 0.8747144028563657 -0.42783465526259873 -0.7767094474364916 0.4622552779787734 0 0 0 0 0 0
0.39498209953308105 -1.2717317342758179 -10.914408683776855 -0.4113948238532469 0.0033760534605794005 -0.9114509867073419 -0.12343078885796484 -0.9909876567890351 0.052041372519163215 0 0 0 0 0 0
0.0280438382178545 -1.7521679401397705 -10.952132225036621 0.15974200056502078 -0.0029337801622438507 -0.9871544388744065 -0.2103430864909331 -0.977131755828626 -0.031133867680297724 0 0 0 0 0 0
-0.3637974262237549 -2.110443592071533 -11.147579193115234 0.6830098004963406 0.032437015272904934 -0.7296885996547667 -0.2667559015955798 -0.9189273395157501 -0.2905405886523169 0 0 0 0 0 0
-0.584111213684082 -2.4564735889434814 -11.49484634399414 0.980026858464079 -0.164068314215882 -0.11237857873895099 -0.1814724261229531 -0.9689478053530811 -0.16795210346553302 0 0 0 0 0 0
-0.5263466238975525 -2.9521546363830566 -11.843528747558594 0.8590534419268211 0.010794389579245145 0.5117720831261641 0.07263490313551359 -0.9922318582517652 -0.10099559553140823 0 0 0 0 0 0
-0.3225470781326294 -3.41949462890625 -12.007081031799316 0.40039628210326383 0.13952271938581862 0.9056578979134835 0.19082671677140584 -0.9793677683776583 0.0665126937449646 0 0 0 0 0 0
0.11319190263748169 -3.753304958343506 -12.017226219177246 -0.3579425003509833 0.044525741048652076 0.9326814165761825 0.16175360316897286 -0.980803978123748 0.10890054342603316 0 0 0 0 0 0
0.5385136604309082 -4.112970352172852 -11.764890670776367 -0.7250619436258212 0.09217966794918218 0.6824866934397511 0.16726837670783068 -0.9377558358854227 0.3043604481800482 0 0 0 0 0 0
0.6617934107780457 -4.400631904602051 -11.381546020507812 -0.9822515176299456 -0.18653385295738845 0.019674293241191868 0.1817106150355648 -0.9203165290597527 0.3464083410121733 0 0 0 0 0 0
0.5732811093330383 -4.829925537109375 -10.974749565124512 -0.8138514501928343 -0.10220883270019783 -0.5720132616793805 -0.11382054985302259 -0.9372975869509103 0.3294208796162696 0 0 0 0 0 0
0.34977078437805176 -5.155560493469238 -10.646037101745605 -0.3616872862665916 -0.20896978691886073 -0.9085779741487213 -0.18490942112510902 -0.9391160801503503 0.2896023031369363 0 0 0 0 0 0
0.03433296084403992 -5.606874942779541 -10.515925407409668 0.13281512917414623 -0.11401494744849333 -0.9845611881547901 -0.3122405908216609 -0.947593917456685 0.0676134679071661 0 0 0 0 0 0
-0.34638556838035583 -5.981614112854004 -10.625025749206543 0.7695371809900167 -0.2015963964905807 -0.6059467138255237 -0.18139563317173055 -0.978784544964937 0.09527034587954508 0 0 0 0 0 0
-0.48249387741088867 -6.528449058532715 -10.874037742614746 0.978480303400392 0.023043157111602718 -0.20504952759713194 -0.004396020718963491 -0.9911911558468662 -0.13236603632651273 0 0 0 0 0 0
-0.4572332203388214 -6.92913818359375 -11.130687713623047 0.9339173382072902 0.17128777483522584 0.3137816176703261 0.22368357444124434 -0.9646767494238986 -0.13915612687240642 0 0 0 0 0 0
-0.2326754927635193 -7.239767074584961 -11.484434127807617 0.4695264896474614 -0.05587377851900494 0.881148680072405 0.25376142167445065 -0.9473473128574293 -0.19529006552195546 0 0 0 0 0 0
0.23844432830810547 -7.433415412902832 -11.627121925354004 -0.12125265458696487 -0.2335469653370706 0.9647557249052526 0.3710351973010949 -0.912137788179225 -0.17417674281961112 0 0 0 0 0 0
0.6225501894950867 -7.808660507202148 -11.516566276550293 -0.6416059889209047 -0.24609952217468795 0.7264824706530904 0.4271565179119052 -0.9013122793770534 0.07192693688401268 0 0 0 0 0 0
0.9046513438224792 -8.214921951293945 -11.38326644897461 -0.9620335675905556 -0.26862617084509494 0.048284523049213296 0.2669515793008773 -0.9629435046765447 -0.03842734846461461 0 0 0 0 0 0
0.8459727168083191 -8.756918907165527 -11.041544914245605 -0.7873115312089521 -0.034897665909572356 -0.6155669790847126 0.2551823089192151 -0.9273140908619787 -0.2738075347821541 0 0 0 0 0 0
0.6746528148651123 -9.249393463134766 -11.089173316955566 -0.15665448094507653 0.3096098750259179 -0.9378705128567931 0.12292519264484572 -0.9360989534818391 -0.3295575007543195 0 0 0 0 0 0
0.8725829720497131 -10.41719913482666 -10.273961067199707 -0.22003868246654443 -0.3377568294968969 0.9151520651490611 -0.9254625781861059 0.36885923230366346 -0.08638219215485367 0 0 0 0 0 0
0.39617085456848145 -10.47704792022705 -10.302468299865723 0.07309993324831032 0.4357126464729268 0.8971125288739706 -0.9353245548397939 0.3421603877776585 -0.08996802848558877 0 0 0 0 0 0
-0.09876640141010284 -10.628375053405762 -10.090893745422363 0.25495972505849496 0.9275997665149965 0.2730461714791486 -0.9418169340802477 0.302190708601987 -0.14717893298400916 0 0 0 0 0 0
-0.5194200873374939 -10.613115310668945 -9.863274574279785 0.16958555661107974 0.8911799994478227 -0.42075996431824303 -0.9161416033617042 0.2999092253222725 0.2659680792058334 0 0 0 0 0 0
-0.7963869571685791 -10.422887802124023 -9.542688369750977 -0.055780486449077814 0.2832869558639501 -0.9574116345485053 -0.9503335933514974 0.27900448765886293 0.1379222868641847 0 0 0 0 0 0
-1.4894311428070068 9.074675559997559 -12.76085090637207 0.8161819294051383 0.1076959818455621 0.5676694756694481 0.1556320077282949 -0.987140988385945 -0.03648763103956858 0 0 0 0 0 0
-1.137910008430481 8.837336540222168 -12.984405517578125 0.34849067522685023 -0.04893767896058825 0.9360338417268278 0.43225080198525656 -0.8777160751404132 -0.2068181220860769 0 0 0 0 0 0
-0.6623973250389099 8.520435333251953 -13.027276039123535 -0.2667353173688114 -0.288867048952358 0.9194607650670668 0.5007168226431877 -0.8566992322561677 -0.12389144027657056 0 0 0 0 0 0
-0.21205340325832367 8.169421195983887 -12.906505584716797 -0.5947828786399947 -0.3087163807743619 0.7422449215173522 0.4098593146901589 -0.9107568383572662 -0.050371852727393196 0 0 0 0 0 0
0.04279789328575134 7.810420513153076 -12.700475692749023 -0.8640436245887726 -0.4439595507687048 0.23733632694711074 0.4956073151967045 -0.8328926999602361 0.2462988824100971 0 0 0 0 0 0
0.2158069610595703 7.312345504760742 -12.453145980834961 -0.9749240629497358 -0.20992755521164377 -0.07384776939381549 0.16008365315885761 -0.8920886911627988 0.42255294471907245 0 0 0 0 0 0
0.13661116361618042 6.888591766357422 -12.074172973632812 -0.7738009363830449 -0.25409706708228963 -0.5802299469631859 0.0028012432693727126 -0.9173781643835757 0.39800685490122784 0 0 0 0 0 0
-0.17131929099559784 6.533097743988037 -11.799049377441406 -0.17325439664872247 -0.33874187326727934 -0.9247901693558715 -0.0030616563782630453 -0.9388006402082666 0.3444473605716412 0 0 0 0 0 0
-0.41128334403038025 6.075436115264893 -11.680317878723145 0.43996729863406814 -0.1653471022977145 -0.8826602471474455 0.060873170706151634 -0.9751506278880551 0.21301575063293243 0 0 0 0 0 0
-0.6302213072776794 5.592719078063965 -11.78873062133789 0.8623958723978862 0.03318792201590951 -0.5051454454940227 0.14572271946143403 -0.9718880515555662 0.18492837607108706 0 0 0 0 0 0
-0.7255381345748901 5.159979343414307 -12.075042724609375 0.9885445756552308 0.13292670948351035 0.07148504632792724 0.1182743992402137 -0.9764915170037631 0.180209554974358 0 0 0 0 0 0
-0.5837476849555969 4.685114860534668 -12.241329193115234 0.7871098524420592 0.21311656087351336 0.5788258906355916 0.19497733443063914 -0.9762629826269307 0.09431027415235484 0 0 0 0 0 0
-0.2940790355205536 4.272307395935059 -12.472799301147461 0.3929400607449915 0.1543664411058282 0.9065148153902635 0.27746841286245133 -0.9597647211770014 0.043162018576815696 0 0 0 0 0 0
0.14416441321372986 4.016036510467529 -12.56159782409668 -0.016467186765361096 0.01478194116454984 0.9997551330077993 0.5906797673454249 -0.8066154304844225 0.021655478595144186 0 0 0 0 0 0
0.6198375225067139 3.800934314727783 -12.423233032226562 -0.48783100111241345 -0.24307194571000232 0.8384133488694071 0.6383427929319874 -0.7544565333830862 0.15268863070761468 0 0 0 0 0 0
1.0814194679260254 3.4869472980499268 -12.063894271850586 -0.895998740046804 -0.3318821698914032 0.29502624144762735 0.4100352865469013 -0.8733942463909697 0.26278042955583836 0 0 0 0 0 0
1.1929726600646973 3.0731613636016846 -11.672148704528809 -0.9032513000320953 -0.25796625731998885 -0.34291471107936927 0.15823574674425211 -0.9430429525444463 0.29262849845587935 0 0 0 0 0 0
1.0305638313293457 2.739576816558838 -11.218387603759766 -0.5649339270059434 -0.3474176287528833 -0.7484321274166197 0.18095555155021717 -0.9371242392492983 0.2984179092725179 0 0 0 0 0 0
0.9740000367164612 2.2723772525787354 -11.033221244812012 -0.07257777480989819 -0.06463530583868449 -0.9952661673355443 0.20721626230871823 -0.9770998974150432 0.048344711254869596 0 0 0 0 0 0
1.4480198621749878 2.041869878768921 -10.020638465881348 -0.31731503916093756 0.9053677337289948 0.2821709280643859 -0.436290831327574 -0.4035623132566834 0.8042311669031541 0 0 0 0 0 0
0.4300041198730469 1.306729793548584 -9.778138160705566 -0.018453478205589652 -0.9980326289268022 0.05991945209672289 -0.30709208466747284 0.06269052749620341 0.9496127364862129 0 0 0 0 0 0
0.08942899107933044 1.1185848712921143 -9.402437210083008 0.8196434530935085 -0.4987579420055699 0.2818246353449574 -0.24808503412993863 0.13439945911681594 0.9593698980215372 0 0 0 0 0 0
-0.10098183155059814 0.8496983647346497 -9.06832504272461 0.9334176532950496 0.12596972548309424 0.33595105711826034 -0.3573389563452657 0.24221592711690362 0.9020201300020833 0 0 0 0 0 0
-0.18389037251472473 0.7420698404312134 -8.598515510559082 0.842794568031477 0.535690272204312 0.052280477831654106 -0.19228241667397067 0.20893791771379688 0.9588390995257964 0 0 0 0 0 0
-0.023194370791316032 0.5170899033546448 -8.19301700592041 0.42028110137517544 0.9038101853385614 0.08056639935571439 -0.2842758902337787 0.04683013367218326 0.9575981186343455 0 0 0 0 0 0
0.26673275232315063 0.4602072536945343 -7.757549285888672 -0.29400791815271826 0.9539205612777519 -0.05995754193630071 -0.06711190817161564 0.04197202496938195 0.9968622477060382 0 0 0 0 0 0
0.6262050867080688 0.5971103310585022 -7.284142017364502 -0.7557611911137111 0.6432911943175935 -0.12248045280708562 -0.13111059432735545 0.03460466540174915 0.9907636091356812 0 0 0 0 0 0
0.649683952331543 1.0261752605438232 -6.824507713317871 -0.9747228237313176 -0.01925349571537381 -0.2225864322010329 -0.2225563739972455 -0.003717260569740501 0.9749127357702612 0 0 0 0 0 0
0.4537220001220703 1.4244811534881592 -6.446647644042969 -0.7862458017044016 -0.58983440603573 -0.18415458929573392 -0.380119477662543 0.2267290852431669 0.8967179626874618 0 0 0 0 0 0
0.0934930145740509 1.7127442359924316 -6.121406555175781 -0.2946003984167039 -0.9507451411613853 -0.09640685562104581 -0.5929984601804588 0.10276704529797327 0.7986186578238259 0 0 0 0 0 0
-0.2902882397174835 1.900239109992981 -5.730307579040527 0.05786973817495552 -0.9863435550907226 -0.15419949654443335 -0.5354684015341692 -0.16102741771377097 0.8290619769974236 0 0 0 0 0 0
-0.7429695725440979 1.6623375415802002 -5.627699375152588 0.7086220374868811 -0.6288537059354119 0.3199966007932576 -0.48269482143845815 -0.10126104112894334 0.8699148871619439 0 0 0 0 0 0
-0.931311845779419 1.3865163326263428 -5.133066654205322 0.9858797369729326 -0.1403908843459554 0.0912772908161814 -0.1276091364539609 -0.27691456732104264 0.9523834473041173 0 0 0 0 0 0
-0.904060959815979 0.9672638773918152 -4.779386520385742 0.7828841728497107 0.5609116557305649 0.26920342933740765 -0.22941933485929666 -0.14193580670671344 0.9629231514338166 0 0 0 0 0 0
-0.8122889995574951 0.7141424417495728 -4.323358535766602 0.418936396489991 0.8903990800504384 0.1779937469163286 -0.18695166578925906 -0.10724363964060699 0.976497760578721 0 0 0 0 0 0
-0.5441558361053467 0.631878674030304 -3.880171298980713 -0.18146006981086044 0.9824240135907131 0.04376414725037135 -0.18646532387114612 -0.07806877691460232 0.9793548637060454 0 0 0 0 0 0
-0.319878488779068 0.7519224882125854 -3.4160401821136475 -0.7807493813710248 0.6156771318614307 -0.10663992119110416 -0.011462788793700204 0.15652492918335323 0.9876074883359367 0 0 0 0 0 0
-0.23266646265983582 1.067893385887146 -2.957697629928589 -0.9883011325715568 0.052630040037328796 -0.1431466040234532 -0.14368301751585932 -0.0065342170937539214 0.9896021900160231 0 0 0 0 0 0
-0.3713020086288452 1.3254497051239014 -2.5210320949554443 -0.720065849537545 -0.6472005993396334 -0.25027296406961913 -0.10026414228200581 -0.25984679739325545 0.9604304991288658 0 0 0 0 0 0
-0.7272194027900696 1.3218848705291748 -2.2505874633789062 0.3118094406799989 -0.8994776360875234 0.3061288207294881 -0.14146743068268336 0.27465078458951475 0.9510803922804866 0 0 0 0 0 0
-0.8978942036628723 1.2208688259124756 -1.8567476272583008 0.9646874212838076 -0.07406091101487779 0.252770964860373 -0.1835667219206613 0.4991801454508029 0.8468308219420323 0 0 0 0 0 0
-0.977766215801239 1.247077465057373 -1.388837456703186 0.5760796004418904 0.7324068444914921 -0.36292217911933555 -0.29661917321685605 0.6010483628256458 0.7421306701819833 0 0 0 0 0 0
-1.36784827709198 0.3362688720226288 -1.413323998451233 0.6445369307111793 0.5880245510598211 0.48867092434511405 -0.24604297399010716 -0.4456233599319743 0.8607454188277981 0 0 0 0 0 0
-1.2313930988311768 0.05832158401608467 -1.099287509918213 -0.07325054294735071 0.8982759788531183 0.43328353739022946 -0.1527127929119465 -0.4394297511502423 0.8852007098308661 0 0 0 0 0 0
-1.1940542459487915 -0.06779621541500092 -0.5961136817932129 -0.13073616268013186 0.9398588229885405 0.31555260832113186 -0.029773508616831024 -0.3218628142688455 0.9463180580415774 0 0 0 0 0 0
-1.8273117542266846 -1.0074772834777832 0.08673613518476486 0.8342597119118128 -0.2647369370535629 0.4836580271641491 0.016713595824709736 0.8889296264739112 0.45773876271467473 0 0 0 0 0 0
-0.7553881406784058 1.1232054233551025 -19.972131729125977 0.7298315489317798 -0.5206560879932443 -0.4430159683571353 0.4615226601900895 -0.10281257934292883 0.8811506157632288 0 0 0 0 0 0
-0.6530783772468567 0.7738388776779175 -19.52231216430664 0.8474738542957595 0.01547876902083732 -0.5306114152510192 0.5239221568370954 -0.18520457450968808 0.8313872979278981 0 0 0 0 0 0
-0.3784242272377014 0.3599648177623749 -19.326915740966797 0.7086634429852016 0.6821588531327 -0.180153888853501 0.5053645620132364 -0.3125901105570771 0.8042972598754046 0 0 0 0 0 0
-0.01939678005874157 0.07627782225608826 -19.105928421020508 0.31092968019340445 0.950382845398016 0.009756082615384323 0.48343568286316047 -0.16698319204511133 0.859305855972747 0 0 0 0 0 0
0.38537317514419556 0.09921249747276306 -18.7558536529541 -0.27569515314533505 0.9611348048263267 0.014562605660695813 0.5010117149471777 0.1307497071280028 0.8555067361345728 0 0 0 0 0 0
0.9021515250205994 0.3006898760795593 -18.59907341003418 -0.7616668966735278 0.5828727361801677 0.2830599087288095 0.4178509272118591 0.1079492167397711 0.9020795803217473 0 0 0 0 0 0
1.0906577110290527 0.6783788204193115 -18.17286491394043 -0.9675668715321396 0.11332773768488867 0.22576796270669872 0.24832287545851692 0.2626442350909257 0.9323914174302103 0 0 0 0 0 0
1.0551390647888184 1.065778374671936 -17.761608123779297 -0.8273855509225913 -0.5335836439235212 0.1752759112422962 0.010251401159455359 0.29768206428462346 0.954610023715189 0 0 0 0 0 0
0.7836228013038635 1.4260993003845215 -17.44367027282715 -0.2827061757798923 -0.9112715374870346 0.29943514012541167 -0.024157538646468746 0.3188347195767203 0.9475024194792214 0 0 0 0 0 0
0.45038121938705444 1.5773522853851318 -16.99764060974121 0.1953061778129105 -0.9708478773900968 0.13896005136461093 -0.19880797677046935 0.09955553817747696 0.9749687601100999 0 0 0 0 0 0
0.11974427103996277 1.432238221168518 -16.58746910095215 0.7557075835149268 -0.6517184559860628 0.06456858636498249 0.003350520497025397 0.10243774253983785 0.9947337748944394 0 0 0 0 0 0
0.004513294901698828 1.1622885465621948 -16.01869010925293 0.9769567090296325 -0.1777050445383736 -0.11822227297596989 0.0791190271580431 -0.21291626071022943 0.9738618205201078 0 0 0 0 0 0
0.19225740432739258 0.8390172123908997 -15.575248718261719 0.7710155303749803 0.5861260003796042 -0.24898064904645978 0.3133699879501703 -0.008843849482065484 0.9495899309588581 0 0 0 0 0 0
0.5638219714164734 0.6053779721260071 -15.286515235900879 0.2353219945970577 0.9709344378805894 0.04370213034127951 0.4025347649576579 -0.13829077828294395 0.9048985709141003 0 0 0 0 0 0
1.058171272277832 0.5983572602272034 -14.994771957397461 -0.2975975873216072 0.9354713823438378 0.1906015971498342 0.2664038420749646 -0.11034494709046745 0.9575244046912326 0 0 0 0 0 0
1.3163625001907349 0.7750760316848755 -14.599425315856934 -0.8599371742559907 0.42751235265310006 0.2788211696798384 0.31456220409686986 0.013716643531538779 0.9491377526175787 0 0 0 0 0 0
1.5311681032180786 1.007883071899414 -14.057124137878418 -0.9704396883508761 0.22957863209264545 0.07443428618536166 0.06651365450476167 -0.042059445444386244 0.9968986592494405 0 0 0 0 0 0
1.5228450298309326 1.2496616840362549 -13.52977180480957 -0.939272868703918 -0.33555407191589864 -0.07190231524347596 -0.08669816227117541 0.029302723921042544 0.9958035845635465 0 0 0 0 0 0
1.3178683519363403 1.4782768487930298 -13.158478736877441 -0.3554726171227596 -0.9333457688017327 0.05004891942688487 -0.2015981303712529 0.1288460845125939 0.9709566830382232 0 0 0 0 0 0
0.9154571890830994 1.986872673034668 -12.185297012329102 -0.13344804275061445 0.3053424733232383 0.9428454771970205 -0.10405120610175136 0.941779989357409 -0.3197245660795077 0 0 0 0 0 0
0.45671194791793823 2.3120200634002686 -12.185739517211914 0.432994715375688 0.37065007820009555 0.821665440423893 -0.23837789288665112 0.9261794221427907 -0.2921774429728734 0 0 0 0 0 0
0.13679543137550354 2.6901183128356934 -12.149677276611328 0.8447129455896587 0.32438363751660265 0.42571738896213746 -0.3497042271955006 0.936650641895123 -0.019812332499024178 0 0 0 0 0 0
-0.04895119369029999 3.0468947887420654 -11.813156127929688 0.9165090617870331 0.35002424344445743 -0.19363411027860736 -0.34916613219237025 0.9362198260071435 0.039691932693868205 0 0 0 0 0 0
0.05989271402359009 3.4172842502593994 -11.477811813354492 0.4802326567222082 0.38019321418295454 -0.7904617102091432 -0.30228858750102183 0.9177085686433266 0.25774520927701833 0 0 0 0 0 0
0.193107008934021 3.9297494888305664 -11.319038391113281 -0.06177482041924252 0.19785847955265012 -0.978282113519042 -0.2894358320835235 0.9344854223829091 0.207277337063063 0 0 0 0 0 0
0.18734624981880188 4.466644763946533 -11.34930419921875 -0.2718849350895045 -0.21953187996561593 -0.9369548205490692 -0.12422490512675069 0.973492074238266 -0.19204518828007192 0 0 0 0 0 0
0.3705875277519226 4.90829610824585 -11.622750282287598 -0.7790600145539232 -0.17463183049972383 -0.6021372082005537 0.028701814102134692 0.9494827022907439 -0.31250408624194526 0 0 0 0 0 0
0.5317150950431824 5.2930169105529785 -12.026713371276855 -0.9866244596062947 -0.1290762749615626 -0.09955647115398412 -0.0711937143380359 0.8906151679891757 -0.4491503952868867 0 0 0 0 0 0
0.39080411195755005 5.578775882720947 -12.455774307250977 -0.8861847421118842 -0.006996407478374183 0.4632792388295528 -0.21325510906852446 0.8938398873024617 -0.394426817449441 0 0 0 0 0 0
0.07231897115707397 5.8802032470703125 -12.747802734375 -0.5387054782435877 0.11676528974152944 0.8343633949436684 -0.3353292732689275 0.8788065703820622 -0.3394897499811309 0 0 0 0 0 0
-0.34094277024269104 6.124560356140137 -12.878320693969727 0.017375189684905496 0.3416717560154888 0.9396587220500355 -0.355963023238666 0.8803383048919718 -0.31352000737866553 0 0 0 0 0 0
-0.7056577205657959 6.593296527862549 -12.882623672485352 0.6659388919258644 0.3247821514929846 0.6715965651283065 -0.16035789834274727 0.9415320818557772 -0.2963151755739542 0 0 0 0 0 0
-0.9356690645217896 7.059383392333984 -12.665992736816406 0.9484755869258152 0.14152994614040718 0.28348427707938906 -0.1558028008818964 0.9873818458603867 0.028329802376507802 0 0 0 0 0 0
-0.9951446056365967 7.379912853240967 -12.306541442871094 0.8806980219113099 0.31035425262421856 -0.35784246824485266 -0.33760630120944507 0.941173853023493 -0.014620662385466143 0 0 0 0 0 0
-0.9993202686309814 7.878995418548584 -12.110227584838867 0.6295882177709045 0.14054050030722698 -0.7641119314717252 -0.14915967506441738 0.9870722756785585 0.0586490743441849 0 0 0 0 0 0
-0.8555782437324524 8.266632080078125 -11.910273551940918 0.013532225473931594 0.16300003902107077 -0.9865332564859901 -0.16460903207507827 0.9735256301188577 0.15859291932802938 0 0 0 0 0 0
-0.6450842618942261 8.690183639526367 -11.855466842651367 -0.4238763379933888 0.03550534412661007 -0.9050238784848526 -0.0852181464953445 0.9932351270085823 0.078878704249904 0 0 0 0 0 0
-0.47240716218948364 9.180265426635742 -12.088018417358398 -0.844740090935998 -0.07131326530910871 -0.5304041826347096 -0.12445684820034145 0.9900873548556182 0.06509625712007404 0 0 0 0 0 0
-0.5070285201072693 9.59511947631836 -12.361976623535156 -0.940002478150698 -0.081763213683406 0.3312251771208043 -0.06086130784101733 0.9954723629828692 0.07301147680456829 0 0 0 0 0 0
-0.6355291604995728 9.948345184326172 -12.534252166748047 -0.4133199427704441 -0.05814789012527968 0.9087273781405593 -0.18097588733374703 0.9832962831530256 -0.019394528641031618 0 0 0 0 0 0
-0.9545217156410217 10.271832466125488 -12.5760498046875 0.22562895078066744 0.08061632812363403 0.9708720740702544 -0.41209560699907916 0.910918165331936 0.020132231877267953 0 0 0 0 0 0
-0.9449883103370667 10.788850784301758 -12.03262996673584 0.28876243826664005 -0.1106312699440039 0.9509873691889299 0.06848548824228873 0.9931435146767925 0.09474015598278798 0 0 0 0 0 0
-1.1546307802200317 11.147339820861816 -11.916499137878418 0.92374565798107 -0.028941678812280044 0.38191142767485614 0.12571532202335978 0.9648075756533927 -0.2309588703002896 0 0 0 0 0 0
-1.1480650901794434 11.66577434539795 -11.911398887634277 0.9076843897034104 -0.4133700528006905 0.0723481038887816 0.4143459509491164 0.9101179455789421 0.0016607429778672089 0 0 0 0 0 0
-0.8169645667076111 12.011695861816406 -11.763298034667969 0.6068332087088234 -0.42251096873580546 -0.6732294839845362 0.5420548448295549 0.8394722583962763 -0.03824751730325924 0 0 0 0 0 0
-0.30444759130477905 12.021794319152832 -11.827886581420898 0.09994611108689455 0.28534820874102246 -0.953198392071082 0.6481574487161923 0.7081766227363535 0.2799603412689893 0 0 0 0 0 0
-0.11289936304092407 -8.070981979370117 -10.574271202087402 0.5719510901514946 0.1930633120573234 -0.7972443214046577 0.043358686314523526 0.9634340120682264 0.2644143126065594 0 0 0 0 0 0
0.07522615790367126 -7.611692428588867 -10.43722915649414 0.18778200274675438 0.1429502369474856 -0.971752617285426 0.3162942570688842 0.9278507866204873 0.19761290624092817 0 0 0 0 0 0
0.4047664999961853 -7.191058158874512 -10.4637451171875 -0.5109729629960763 -0.06121221985105484 -0.8574145410639574 0.11195550694633985 0.9842261340576534 -0.13698496816189254 0 0 0 0 0 0
0.6650459170341492 -6.874617576599121 -10.678767204284668 -0.8905864512407996 0.013058197602211843 -0.4546265020230351 0.11968201529133624 0.9710871207932535 -0.20655754414998648 0 0 0 0 0 0
0.6793137788772583 -6.520878791809082 -11.103275299072266 -0.9710955445771968 0.028908354223614395 0.23693406331382497 -0.03212118182666069 0.9677823919155475 -0.24973079821335742 0 0 0 0 0 0
0.568383514881134 -6.213352203369141 -11.428020477294922 -0.5519297557125941 0.2750567996487834 0.7872212533500385 -0.06478346527451435 0.9270377034516757 -0.3693293909318202 0 0 0 0 0 0
0.23499411344528198 -5.86196756362915 -11.663935661315918 -0.15716710617537388 0.2642173720509356 0.951571164465883 -0.18917203048679784 0.9376489042428794 -0.29159642531010194 0 0 0 0 0 0
-0.01887437514960766 -5.402879238128662 -11.723747253417969 0.31425408973266605 0.18782846451490284 0.9305723158380906 -0.355268457362798 0.9322732420059994 -0.06819769382230856 0 0 0 0 0 0
-0.4074210226535797 -4.934967041015625 -11.59982967376709 0.7806434022421834 0.11805307642590702 0.6137257935610392 -0.16704512591875165 0.9856838280470661 0.02287612365044096 0 0 0 0 0 0
-0.5253421068191528 -4.493569374084473 -11.340679168701172 0.9996987688546155 0.0242328648205664 0.0038909912816966117 -0.024344935042059486 0.9991931701868163 0.03194264844714406 0 0 0 0 0 0
-0.3813130557537079 -4.067994594573975 -11.00611400604248 0.8124819739123654 -0.04881668958988686 -0.5809388719004357 0.09330749326197996 0.9945308906368158 0.046925678155014555 0 0 0 0 0 0
-0.1817282736301422 -3.657848358154297 -10.85578441619873 0.2391537500599164 -0.16804581085013354 -0.9563294878272866 -0.05216483082155684 0.9812638933949608 -0.18547237515253234 0 0 0 0 0 0
0.13171330094337463 -3.2684578895568848 -10.960429191589355 -0.5237076646308608 -0.08654530973114022 -0.8474905258293044 0.22553267995878165 0.9452449627050703 -0.23589610160259147 0 0 0 0 0 0
0.4637780785560608 -3.0401859283447266 -11.248653411865234 -0.8582891614882368 0.19752199891416958 -0.47362936481680507 0.3500276316138265 0.9002625325070054 -0.25885909230870846 0 0 0 0 0 0
0.5741642713546753 -2.621100425720215 -11.598389625549316 -0.9793466744724745 0.1509999948262496 0.13445851688226185 0.129394074203232 0.9790750223138804 -0.15706455437864722 0 0 0 0 0 0
0.49025964736938477 -2.088865280151367 -11.934174537658691 -0.8272407281054897 -0.06308078824693474 0.5582952551452006 -0.10643437105874366 0.9932791644842727 -0.04547775344885729 0 0 0 0 0 0
0.23950344324111938 -1.6910218000411987 -12.099784851074219 -0.3332039451622996 -0.025484656788587527 0.9425102987217949 -0.0644387552244834 0.997912817782292 0.004201777115156316 0 0 0 0 0 0
-0.007664232049137354 -1.2801358699798584 -12.028502464294434 0.41773564428104043 -0.07445091598168714 0.9055131101240842 0.055607032288696234 0.9968636691460079 0.05630881899669418 0 0 0 0 0 0
0.420839786529541 -0.31272417306900024 -12.5654296875 -0.10158818446752399 0.6805153398904797 0.725657434985915 0.7108817530945566 0.5599346812034607 -0.42558229040079787 0 0 0 0 0 0
0.4599239230155945 0.0765124261379242 -12.873476028442383 0.44400699679810357 0.1894078448086421 0.8757753451195543 0.6707535091243012 0.5777903161601395 -0.4650248171323783 0 0 0 0 0 0
0.37142473459243774 0.7713214159011841 -13.630502700805664 0.8547000380937662 0.502625507548495 0.12982851783846538 0.14281657977310877 0.012776163699190109 -0.9896667086363181 0 0 0 0 0 0
0.3196690082550049 1.1918166875839233 -13.974915504455566 0.9822056115715755 -0.18058571747928673 0.05158425379705218 0.08393692316564587 0.17638602211355248 -0.9807357259386659 0 0 0 0 0 0
0.5021371841430664 1.5050979852676392 -14.297809600830078 0.6534371283382521 -0.7376091942415606 -0.1701546234440147 0.16254545359624317 0.3562583492756355 -0.9201407305877677 0 0 0 0 0 0
0.7629483342170715 1.7544301748275757 -14.781475067138672 0.2528069014999073 -0.9488183236282459 -0.18929463621904694 0.06331700282087765 0.2114552225779656 -0.975334632830335 0 0 0 0 0 0
0.9426040053367615 1.7349863052368164 -15.377851486206055 -0.23506201498189966 -0.9703418200213716 0.05641454980996691 -0.07944149455377565 -0.0386670462870016 -0.996089307479255 0 0 0 0 0 0
1.120745062828064 1.5008519887924194 -15.899873733520508 -0.7645106207140359 -0.581913455451852 0.27730892733470547 -0.2234519552874904 -0.1642836488465513 -0.9607705794828756 0 0 0 0 0 0
1.1708074808120728 1.1049549579620361 -16.2165470123291 -0.9818308102498031 -0.07262885605365267 0.1753091820543149 -0.14637741692882086 -0.29802883029486177 -0.9432669124517846 0 0 0 0 0 0
1.0561364889144897 0.7364650964736938 -16.49751853942871 -0.7773927577624901 0.6202985908122574 -0.10435592180014698 -0.16395274153033013 -0.35998808514405733 -0.9184378460728868 0 0 0 0 0 0
0.8100762963294983 0.3904365003108978 -16.789749145507812 -0.27284066786832617 0.9307609470651442 -0.24339685572242242 -0.12648449406200746 -0.2855037628972129 -0.949994354790285 0 0 0 0 0 0
0.4116078019142151 0.32153961062431335 -17.134016036987305 0.3088679521852985 0.9179955064026859 -0.24876663429273685 -0.13507920609003018 -0.21656466056169055 -0.9668781494469131 0 0 0 0 0 0
0.09102046489715576 0.46221140027046204 -17.497011184692383 0.8517490042696698 0.4301821281615686 -0.2991102979437678 -0.3229069335966274 -0.01858957634962861 -0.9462481386435403 0 0 0 0 0 0
-0.028017548844218254 0.8107525110244751 -17.817121505737305 0.8731776342232688 -0.22602677302469312 -0.4318248683995624 -0.4153787883278864 0.11842189533436616 -0.9019072662489606 0 0 0 0 0 0
-0.02290618233382702 1.075472116470337 -18.29535484313965 0.7892141952192944 -0.571614281235354 -0.2244951392617468 -0.2998704199855727 -0.039683232127362744 -0.9531542227287262 0 0 0 0 0 0
0.09178271889686584 1.2380075454711914 -18.75660514831543 0.2198506546215306 -0.9743716544299644 -0.04759799056576436 -0.3234464108523001 -0.026774698839094314 -0.9458676095568771 0 0 0 0 0 0
0.31457507610321045 1.27888822555542 -19.13734245300293 -0.41181990964820564 -0.9112352025163974 0.007400521079197121 -0.16314637392828135 0.06573690534578396 -0.984409426991439 0 0 0 0 0 0
0.5076948404312134 1.0289361476898193 -19.53006935119629 -0.9551500045881427 -0.2818472760708266 0.09083271275661815 -0.09953347144500747 0.01667723874377761 -0.9948944455418318 0 0 0 0 0 0
0.40351366996765137 0.9218928217887878 -20.1265869140625 -0.8569419177106338 -0.23843677863320548 0.4569446927861633 -0.46621424425215735 -0.019418894336313757 -0.8844586960390773 0 0 0 0 0 0
0.18082237243652344 0.5709548592567444 -20.453916549682617 -0.7731514924147523 0.5190989263594039 0.3643803979762846 -0.4189262613927927 0.013360651628836668 -0.9079219572757952 0 0 0 0 0 0
-0.24439947307109833 0.30152028799057007 -20.684062957763672 -0.24298737882555532 0.969284890562927 0.03799914022581159 -0.4853237323882519 -0.08756001753082424 -0.8699391462112384 0 0 0 0 0 0
-0.6662535667419434 0.2456762194633484 -21.038795471191406 0.2885999740090845 0.9457620300667157 -0.14914502166026336 -0.39521437819065125 -0.024209594491249126 -0.91826983550912 0 0 0 0 0 0
-1.032737374305725 0.4512557089328766 -21.37458610534668 0.8551246204100766 0.38307003836760223 -0.349312509471914 -0.35027717594112695 -0.06980859632786823 -0.9340410375853095 0 0 0 0 0 0
-1.1074376106262207 0.7979778051376343 -21.680191040039062 0.6646953007572689 -0.5638383703372244 -0.4901698167846188 -0.6146541366785031 -0.03973523125047249 -0.7877952802990607 0 0 0 0 0 0
-1.186435341835022 0.8909357190132141 -22.140544891357422 0.028465347486692192 -0.986557984974176 0.16091322592054186 -0.6235705362217114 -0.1433409463264145 -0.7685136039540322 0 0 0 0 0 0
-1.0925095081329346 0.7645403146743774 -22.60578727722168 -0.745928150358182 -0.598478120590048 0.29225867596741295 -0.37463275324366785 0.014213590180950118 -0.927064331128772 0 0 0 0 0 0
-1.2804131507873535 0.5768166184425354 -23.0517520904541 -0.8112243541326273 0.1527720612776457 0.5644251452186382 -0.5571545725669752 0.09100564957633828 -0.8254070232393834 0 0 0 0 0 0
-1.6301249265670776 0.29546040296554565 -23.166736602783203 -0.5392207659740418 0.8414312890952167 0.03513333565048412 -0.4836819221249179 -0.2752708699799911 -0.8308295531274773 0 0 0 0 0 0
